MUL_V1={61.495000000000005, -133.03, 100.4}
SC1=-9.0
MATRIX1={{20.84, -10.78}, {5.5, 7.3}, {7.1, -6.6}}
MUL_V2={56.0, 34.0, 9.0}
A=7.3
B=25.55
SC2=9.5
C=40.15
D=10.0
MUL_V4={{67.84800000000001, 5.483999999999998, -5.731999999999999}, {111.664, -124.71799999999999, 73.194}, {-50.62199999999999, 59.664, -35.112}}
ADD_V1={5.5, 7.3, -4.7}
B2=2.65
ADD_V3={9.3, -2.5999999999999996, -8.0}
ADD_V2={9.3, -2.5999999999999996, -8.0}
SUB_V3={4.8999999999999995, -10.6, 8.0}
SUB_V2={-4.8999999999999995, 10.6, -8.0}
SUB_V1={-1.0999999999999996, 0.7000000000000002, -11.3}
VEC1={-5.995, 2.2, 149.0}
